33609 0   71064201 59    593224683 29    127474255 37    277 298    15 200    121 233    
1088046 0   36994468 48    2127027008 8    170500494 23    330 269    2024 196    142 213    
169028 0   16542430 46    412632850 8    216482586 23    10 269    138 191    296 209    
49941 0   218730091 46    7658447 8    92903485 23    207 271    391 201    27 219    
5920 0   473613218 48    304103338 8    70305322 23    494 271    156 200    554 209    
510305 0   228074553 47    72410059 8    175095917 23    217 275    287 193    461 210    
139811 0   438000613 47    741414679 8    783664499 23    7 275    843 200    477 212    
56884 0   509458886 46    833356598 8    145826418 24    228 268    144 189    652 211    
214114 0   102738452 47    515504806 8    24442782 24    210 270    214 200    14 212    
704036 0   166472674 46    999399224 8    1053723258 24    90 269    926 191    450 208    
75913 0   187758527 47    412580661 8    485409437 24    157 267    4377 190    171 210    
697520 0   63693152 47    242406880 8    87055796 24    242 270    530 199    1322 205    
7929 0   1170093437 46    44720303 8    372404731 24    75 269    37 193    423 215    
42179 0   133716571 47    118794879 7    300244233 25    99 272    931 194    347 212    
30659 0   166691355 47    55915091 7    173806827 25    127 271    1171 203    71 207    
62131 0   114249193 46    41989857 8    68381929 24    307 268    485 189    9 213    
960523 0   490341363 47    185985143 8    124107181 24    11 270    235 189    137 214    
197515 0   341619775 47    449457393 7    390757715 26    23 275    1067 186    167 212    
213599 0   166111367 47    39642569 7    145332083 25    61 269    2083 198    61 211    
44246 0   72053574 47    391424178 7    103275166 30    226 272    2712 190    34 214    
52133 0   8943777 47    36951267 7    325861015 25    181 274    305 199    89 217    
197934 0   141644984 48    141644984 8    141644984 30    338 279    294 190    542 212    
46151 0   118436269 47    738192617 8    575455635 24    37 269    247 196    165 218    
49902 0   207765144 47    87357346 8    737793700 24    106 266    236 198    296 210    
156993 0   57923069 47    59933759 7    137701181 24    377 269    131 198    17 213    
383914 0   299487958 46    253919818 7    271982684 31    2 268    1318 191    36 208    
192717 0   379906943 46    119966943 8    927272137 24    233 272    11 217    57 216    
62313 0   82335649 48    127319551 7    415242209 25    17 270    2061 205    91 213    
88186 0   23551594 47    306451276 7    19108244 25    50 266    964 186    84 210    
17966 0   137669862 47    1551232526 8    836532870 25    252 274    1802 188    134 214    
94457 0   203785289 47    24795691 7    62619123 26    71 273    601 207    227 219    
238125 0   151248995 47    44971487 8    124714317 24    83 270    73 192    55 217    
107233 0   791796643 47    53304833 7    30457189 25    535 271    133 195    65 222    
8277 0   144376265 47    505162017 8    21043889 24    223 269    369 190    179 219    
54336 0   202902508 46    87709724 8    279233486 24    150 268    1030 195    234 215    
153274 0   17218386 49    286650200 7    760536276 24    178 269    728 195    10 214    
210717 0   137368741 46    311742497 7    214588883 31    277 268    585 189    251 212    
80903 0   792252061 47    16503391 8    261093367 24    101 270    25 196    23 214    
46630 0   82606574 47    513041576 7    494349764 25    10 268    658 198    130 206    
228235 0   211472521 47    116492695 7    615967371 25    89 275    93 190    243 210    
133235 0   153593077 47    84642507 7    398573987 25    5 270    379 184    227 216    
27460 0   867107864 47    721004836 8    1233561750 24    48 269    866 195    36 208    
149778 0   461645612 47    441137522 8    123895816 24    56 271    2996 189    10 213    
37914 0   300480046 47    14226838 7    58100698 25    168 274    76 195    742 215    
22121 0   186342683 47    270611705 8    297371653 24    7 268    307 197    27 212    
169077 0   126080557 47    262084251 8    1179005535 24    27 268    1689 198    559 217    
48936 0   522440710 47    1189214698 7    54092784 25    184 268    292 193    12 210    
21432 0   119552952 46    327678338 8    310637270 30    218 269    270 197    32 212    
18652 0   599550866 47    246014026 8    52472206 24    10 271    372 193    68 209    
1801 0   348348205 47    596218821 7    839597125 25    541 270    2323 187    725 209    
